[-0.0000, -0.5774, -0.5774, -0.5774]
[+0.0971, -0.6125, -0.6125, -0.4900]
[+0.1767, -0.6407, -0.6407, -0.3844]
[+0.2357, -0.6612, -0.6612, -0.2645]
[+0.2720, -0.6737, -0.6737, -0.1347]
[+0.2843, -0.6779, -0.6779, +0.0000]
[+0.2720, -0.6737, -0.6737, +0.1347]
[+0.2357, -0.6612, -0.6612, +0.2645]
[+0.1767, -0.6407, -0.6407, +0.3844]
[+0.0971, -0.6125, -0.6125, +0.4900]
[-0.0000, -0.5774, -0.5774, +0.5774]
[+0.0971, -0.6125, -0.4900, -0.6125]
[+0.2000, -0.6489, -0.5191, -0.5191]
[+0.2843, -0.6779, -0.5423, -0.4068]
[+0.3467, -0.6991, -0.5593, -0.2796]
[+0.3851, -0.7120, -0.5696, -0.1424]
[+0.3981, -0.7163, -0.5731, +0.0000]
[+0.3851, -0.7120, -0.5696, +0.1424]
[+0.3467, -0.6991, -0.5593, +0.2796]
[+0.2843, -0.6779, -0.5423, +0.4068]
[+0.2000, -0.6489, -0.5191, +0.5191]
[+0.0971, -0.6125, -0.4900, +0.6125]
[+0.1767, -0.6407, -0.3844, -0.6407]
[+0.2843, -0.6779, -0.4068, -0.5423]
[+0.3722, -0.7077, -0.4246, -0.4246]
[+0.4374, -0.7294, -0.4376, -0.2918]
[+0.4774, -0.7426, -0.4456, -0.1485]
[+0.4909, -0.7470, -0.4482, +0.0000]
[+0.4774, -0.7426, -0.4456, +0.1485]
[+0.4374, -0.7294, -0.4376, +0.2918]
[+0.3722, -0.7077, -0.4246, +0.4246]
[+0.2843, -0.6779, -0.4068, +0.5423]
[+0.1767, -0.6407, -0.3844, +0.6407]
[+0.2357, -0.6612, -0.2645, -0.6612]
[+0.3467, -0.6991, -0.2796, -0.5593]
[+0.4374, -0.7294, -0.2918, -0.4376]
[+0.5045, -0.7515, -0.3006, -0.3006]
[+0.5458, -0.7649, -0.3060, -0.1530]
[+0.5597, -0.7694, -0.3078, +0.0000]
[+0.5458, -0.7649, -0.3060, +0.1530]
[+0.5045, -0.7515, -0.3006, +0.3006]
[+0.4374, -0.7294, -0.2918, +0.4376]
[+0.3467, -0.6991, -0.2796, +0.5593]
[+0.2357, -0.6612, -0.2645, +0.6612]
[+0.2720, -0.6737, -0.1347, -0.6737]
[+0.3851, -0.7120, -0.1424, -0.5696]
[+0.4774, -0.7426, -0.1485, -0.4456]
[+0.5458, -0.7649, -0.1530, -0.3060]
[+0.5878, -0.7785, -0.1557, -0.1557]
[+0.6019, -0.7830, -0.1566, +0.0000]
[+0.5878, -0.7785, -0.1557, +0.1557]
[+0.5458, -0.7649, -0.1530, +0.3060]
[+0.4774, -0.7426, -0.1485, +0.4456]
[+0.3851, -0.7120, -0.1424, +0.5696]
[+0.2720, -0.6737, -0.1347, +0.6737]
[+0.2843, -0.6779, +0.0000, -0.6779]
[+0.3981, -0.7163, +0.0000, -0.5731]
[+0.4909, -0.7470, +0.0000, -0.4482]
[+0.5597, -0.7694, +0.0000, -0.3078]
[+0.6019, -0.7830, +0.0000, -0.1566]
[+0.6162, -0.7876, +0.0000, +0.0000]
[+0.6019, -0.7830, +0.0000, +0.1566]
[+0.5597, -0.7694, +0.0000, +0.3078]
[+0.4909, -0.7470, +0.0000, +0.4482]
[+0.3981, -0.7163, +0.0000, +0.5731]
[+0.2843, -0.6779, +0.0000, +0.6779]
[+0.2720, -0.6737, +0.1347, -0.6737]
[+0.3851, -0.7120, +0.1424, -0.5696]
[+0.4774, -0.7426, +0.1485, -0.4456]
[+0.5458, -0.7649, +0.1530, -0.3060]
[+0.5878, -0.7785, +0.1557, -0.1557]
[+0.6019, -0.7830, +0.1566, +0.0000]
[+0.5878, -0.7785, +0.1557, +0.1557]
[+0.5458, -0.7649, +0.1530, +0.3060]
[+0.4774, -0.7426, +0.1485, +0.4456]
[+0.3851, -0.7120, +0.1424, +0.5696]
[+0.2720, -0.6737, +0.1347, +0.6737]
[+0.2357, -0.6612, +0.2645, -0.6612]
[+0.3467, -0.6991, +0.2796, -0.5593]
[+0.4374, -0.7294, +0.2918, -0.4376]
[+0.5045, -0.7515, +0.3006, -0.3006]
[+0.5458, -0.7649, +0.3060, -0.1530]
[+0.5597, -0.7694, +0.3078, +0.0000]
[+0.5458, -0.7649, +0.3060, +0.1530]
[+0.5045, -0.7515, +0.3006, +0.3006]
[+0.4374, -0.7294, +0.2918, +0.4376]
[+0.3467, -0.6991, +0.2796, +0.5593]
[+0.2357, -0.6612, +0.2645, +0.6612]
[+0.1767, -0.6407, +0.3844, -0.6407]
[+0.2843, -0.6779, +0.4068, -0.5423]
[+0.3722, -0.7077, +0.4246, -0.4246]
[+0.4374, -0.7294, +0.4376, -0.2918]
[+0.4774, -0.7426, +0.4456, -0.1485]
[+0.4909, -0.7470, +0.4482, +0.0000]
[+0.4774, -0.7426, +0.4456, +0.1485]
[+0.4374, -0.7294, +0.4376, +0.2918]
[+0.3722, -0.7077, +0.4246, +0.4246]
[+0.2843, -0.6779, +0.4068, +0.5423]
[+0.1767, -0.6407, +0.3844, +0.6407]
[+0.0971, -0.6125, +0.4900, -0.6125]
[+0.2000, -0.6489, +0.5191, -0.5191]
[+0.2843, -0.6779, +0.5423, -0.4068]
[+0.3467, -0.6991, +0.5593, -0.2796]
[+0.3851, -0.7120, +0.5696, -0.1424]
[+0.3981, -0.7163, +0.5731, +0.0000]
[+0.3851, -0.7120, +0.5696, +0.1424]
[+0.3467, -0.6991, +0.5593, +0.2796]
[+0.2843, -0.6779, +0.5423, +0.4068]
[+0.2000, -0.6489, +0.5191, +0.5191]
[+0.0971, -0.6125, +0.4900, +0.6125]
[-0.0000, -0.5774, +0.5774, -0.5774]
[+0.0971, -0.6125, +0.6125, -0.4900]
[+0.1767, -0.6407, +0.6407, -0.3844]
[+0.2357, -0.6612, +0.6612, -0.2645]
[+0.2720, -0.6737, +0.6737, -0.1347]
[+0.2843, -0.6779, +0.6779, +0.0000]
[+0.2720, -0.6737, +0.6737, +0.1347]
[+0.2357, -0.6612, +0.6612, +0.2645]
[+0.1767, -0.6407, +0.6407, +0.3844]
[+0.0971, -0.6125, +0.6125, +0.4900]
[-0.0000, -0.5774, +0.5774, +0.5774]
[+0.0971, -0.4900, -0.6125, -0.6125]
[+0.2000, -0.5191, -0.6489, -0.5191]
[+0.2843, -0.5423, -0.6779, -0.4068]
[+0.3467, -0.5593, -0.6991, -0.2796]
[+0.3851, -0.5696, -0.7120, -0.1424]
[+0.3981, -0.5731, -0.7163, +0.0000]
[+0.3851, -0.5696, -0.7120, +0.1424]
[+0.3467, -0.5593, -0.6991, +0.2796]
[+0.2843, -0.5423, -0.6779, +0.4068]
[+0.2000, -0.5191, -0.6489, +0.5191]
[+0.0971, -0.4900, -0.6125, +0.6125]
[+0.2000, -0.5191, -0.5191, -0.6489]
[+0.3090, -0.5491, -0.5491, -0.5491]
[+0.3981, -0.5731, -0.5731, -0.4298]
[+0.4640, -0.5906, -0.5906, -0.2953]
[+0.5045, -0.6012, -0.6012, -0.1503]
[+0.5182, -0.6048, -0.6048, +0.0000]
[+0.5045, -0.6012, -0.6012, +0.1503]
[+0.4640, -0.5906, -0.5906, +0.2953]
[+0.3981, -0.5731, -0.5731, +0.4298]
[+0.3090, -0.5491, -0.5491, +0.5491]
[+0.2000, -0.5191, -0.5191, +0.6489]
[+0.2843, -0.5423, -0.4068, -0.6779]
[+0.3981, -0.5731, -0.4298, -0.5731]
[+0.4909, -0.5976, -0.4482, -0.4482]
[+0.5597, -0.6155, -0.4617, -0.3078]
[+0.6019, -0.6264, -0.4698, -0.1566]
[+0.6162, -0.6301, -0.4726, +0.0000]
[+0.6019, -0.6264, -0.4698, +0.1566]
[+0.5597, -0.6155, -0.4617, +0.3078]
[+0.4909, -0.5976, -0.4482, +0.4482]
[+0.3981, -0.5731, -0.4298, +0.5731]
[+0.2843, -0.5423, -0.4068, +0.6779]
[+0.3467, -0.5593, -0.2796, -0.6991]
[+0.4640, -0.5906, -0.2953, -0.5906]
[+0.5597, -0.6155, -0.3078, -0.4617]
[+0.6305, -0.6337, -0.3169, -0.3169]
[+0.6740, -0.6448, -0.3224, -0.1612]
[+0.6887, -0.6485, -0.3243, +0.0000]
[+0.6740, -0.6448, -0.3224, +0.1612]
[+0.6305, -0.6337, -0.3169, +0.3169]
[+0.5597, -0.6155, -0.3078, +0.4617]
[+0.4640, -0.5906, -0.2953, +0.5906]
[+0.3467, -0.5593, -0.2796, +0.6991]
[+0.3851, -0.5696, -0.1424, -0.7120]
[+0.5045, -0.6012, -0.1503, -0.6012]
[+0.6019, -0.6264, -0.1566, -0.4698]
[+0.6740, -0.6448, -0.1612, -0.3224]
[+0.7182, -0.6560, -0.1640, -0.1640]
[+0.7332, -0.6598, -0.1649, +0.0000]
[+0.7182, -0.6560, -0.1640, +0.1640]
[+0.6740, -0.6448, -0.1612, +0.3224]
[+0.6019, -0.6264, -0.1566, +0.4698]
[+0.5045, -0.6012, -0.1503, +0.6012]
[+0.3851, -0.5696, -0.1424, +0.7120]
[+0.3981, -0.5731, +0.0000, -0.7163]
[+0.5182, -0.6048, +0.0000, -0.6048]
[+0.6162, -0.6301, +0.0000, -0.4726]
[+0.6887, -0.6485, +0.0000, -0.3243]
[+0.7332, -0.6598, +0.0000, -0.1649]
[+0.7482, -0.6635, +0.0000, +0.0000]
[+0.7332, -0.6598, +0.0000, +0.1649]
[+0.6887, -0.6485, +0.0000, +0.3243]
[+0.6162, -0.6301, +0.0000, +0.4726]
[+0.5182, -0.6048, +0.0000, +0.6048]
[+0.3981, -0.5731, +0.0000, +0.7163]
[+0.3851, -0.5696, +0.1424, -0.7120]
[+0.5045, -0.6012, +0.1503, -0.6012]
[+0.6019, -0.6264, +0.1566, -0.4698]
[+0.6740, -0.6448, +0.1612, -0.3224]
[+0.7182, -0.6560, +0.1640, -0.1640]
[+0.7332, -0.6598, +0.1649, +0.0000]
[+0.7182, -0.6560, +0.1640, +0.1640]
[+0.6740, -0.6448, +0.1612, +0.3224]
[+0.6019, -0.6264, +0.1566, +0.4698]
[+0.5045, -0.6012, +0.1503, +0.6012]
[+0.3851, -0.5696, +0.1424, +0.7120]
[+0.3467, -0.5593, +0.2796, -0.6991]
[+0.4640, -0.5906, +0.2953, -0.5906]
[+0.5597, -0.6155, +0.3078, -0.4617]
[+0.6305, -0.6337, +0.3169, -0.3169]
[+0.6740, -0.6448, +0.3224, -0.1612]
[+0.6887, -0.6485, +0.3243, +0.0000]
[+0.6740, -0.6448, +0.3224, +0.1612]
[+0.6305, -0.6337, +0.3169, +0.3169]
[+0.5597, -0.6155, +0.3078, +0.4617]
[+0.4640, -0.5906, +0.2953, +0.5906]
[+0.3467, -0.5593, +0.2796, +0.6991]
[+0.2843, -0.5423, +0.4068, -0.6779]
[+0.3981, -0.5731, +0.4298, -0.5731]
[+0.4909, -0.5976, +0.4482, -0.4482]
[+0.5597, -0.6155, +0.4617, -0.3078]
[+0.6019, -0.6264, +0.4698, -0.1566]
[+0.6162, -0.6301, +0.4726, +0.0000]
[+0.6019, -0.6264, +0.4698, +0.1566]
[+0.5597, -0.6155, +0.4617, +0.3078]
[+0.4909, -0.5976, +0.4482, +0.4482]
[+0.3981, -0.5731, +0.4298, +0.5731]
[+0.2843, -0.5423, +0.4068, +0.6779]
[+0.2000, -0.5191, +0.5191, -0.6489]
[+0.3090, -0.5491, +0.5491, -0.5491]
[+0.3981, -0.5731, +0.5731, -0.4298]
[+0.4640, -0.5906, +0.5906, -0.2953]
[+0.5045, -0.6012, +0.6012, -0.1503]
[+0.5182, -0.6048, +0.6048, +0.0000]
[+0.5045, -0.6012, +0.6012, +0.1503]
[+0.4640, -0.5906, +0.5906, +0.2953]
[+0.3981, -0.5731, +0.5731, +0.4298]
[+0.3090, -0.5491, +0.5491, +0.5491]
[+0.2000, -0.5191, +0.5191, +0.6489]
[+0.0971, -0.4900, +0.6125, -0.6125]
[+0.2000, -0.5191, +0.6489, -0.5191]
[+0.2843, -0.5423, +0.6779, -0.4068]
[+0.3467, -0.5593, +0.6991, -0.2796]
[+0.3851, -0.5696, +0.7120, -0.1424]
[+0.3981, -0.5731, +0.7163, +0.0000]
[+0.3851, -0.5696, +0.7120, +0.1424]
[+0.3467, -0.5593, +0.6991, +0.2796]
[+0.2843, -0.5423, +0.6779, +0.4068]
[+0.2000, -0.5191, +0.6489, +0.5191]
[+0.0971, -0.4900, +0.6125, +0.6125]
[+0.1767, -0.3844, -0.6407, -0.6407]
[+0.2843, -0.4068, -0.6779, -0.5423]
[+0.3722, -0.4246, -0.7077, -0.4246]
[+0.4374, -0.4376, -0.7294, -0.2918]
[+0.4774, -0.4456, -0.7426, -0.1485]
[+0.4909, -0.4482, -0.7470, +0.0000]
[+0.4774, -0.4456, -0.7426, +0.1485]
[+0.4374, -0.4376, -0.7294, +0.2918]
[+0.3722, -0.4246, -0.7077, +0.4246]
[+0.2843, -0.4068, -0.6779, +0.5423]
[+0.1767, -0.3844, -0.6407, +0.6407]
[+0.2843, -0.4068, -0.5423, -0.6779]
[+0.3981, -0.4298, -0.5731, -0.5731]
[+0.4909, -0.4482, -0.5976, -0.4482]
[+0.5597, -0.4617, -0.6155, -0.3078]
[+0.6019, -0.4698, -0.6264, -0.1566]
[+0.6162, -0.4726, -0.6301, +0.0000]
[+0.6019, -0.4698, -0.6264, +0.1566]
[+0.5597, -0.4617, -0.6155, +0.3078]
[+0.4909, -0.4482, -0.5976, +0.4482]
[+0.3981, -0.4298, -0.5731, +0.5731]
[+0.2843, -0.4068, -0.5423, +0.6779]
[+0.3722, -0.4246, -0.4246, -0.7077]
[+0.4909, -0.4482, -0.4482, -0.5976]
[+0.5878, -0.4671, -0.4671, -0.4671]
[+0.6594, -0.4808, -0.4808, -0.3206]
[+0.7034, -0.4892, -0.4892, -0.1631]
[+0.7182, -0.4920, -0.4920, +0.0000]
[+0.7034, -0.4892, -0.4892, +0.1631]
[+0.6594, -0.4808, -0.4808, +0.3206]
[+0.5878, -0.4671, -0.4671, +0.4671]
[+0.4909, -0.4482, -0.4482, +0.5976]
[+0.3722, -0.4246, -0.4246, +0.7077]
[+0.4374, -0.4376, -0.2918, -0.7294]
[+0.5597, -0.4617, -0.3078, -0.6155]
[+0.6594, -0.4808, -0.3206, -0.4808]
[+0.7332, -0.4948, -0.3299, -0.3299]
[+0.7784, -0.5033, -0.3355, -0.1678]
[+0.7937, -0.5062, -0.3374, +0.0000]
[+0.7784, -0.5033, -0.3355, +0.1678]
[+0.7332, -0.4948, -0.3299, +0.3299]
[+0.6594, -0.4808, -0.3206, +0.4808]
[+0.5597, -0.4617, -0.3078, +0.6155]
[+0.4374, -0.4376, -0.2918, +0.7294]
[+0.4774, -0.4456, -0.1485, -0.7426]
[+0.6019, -0.4698, -0.1566, -0.6264]
[+0.7034, -0.4892, -0.1631, -0.4892]
[+0.7784, -0.5033, -0.1678, -0.3355]
[+0.8244, -0.5119, -0.1706, -0.1706]
[+0.8400, -0.5148, -0.1716, +0.0000]
[+0.8244, -0.5119, -0.1706, +0.1706]
[+0.7784, -0.5033, -0.1678, +0.3355]
[+0.7034, -0.4892, -0.1631, +0.4892]
[+0.6019, -0.4698, -0.1566, +0.6264]
[+0.4774, -0.4456, -0.1485, +0.7426]
[+0.4909, -0.4482, +0.0000, -0.7470]
[+0.6162, -0.4726, +0.0000, -0.6301]
[+0.7182, -0.4920, +0.0000, -0.4920]
[+0.7937, -0.5062, +0.0000, -0.3374]
[+0.8400, -0.5148, +0.0000, -0.1716]
[+0.8556, -0.5177, +0.0000, +0.0000]
[+0.8400, -0.5148, +0.0000, +0.1716]
[+0.7937, -0.5062, +0.0000, +0.3374]
[+0.7182, -0.4920, +0.0000, +0.4920]
[+0.6162, -0.4726, +0.0000, +0.6301]
[+0.4909, -0.4482, +0.0000, +0.7470]
[+0.4774, -0.4456, +0.1485, -0.7426]
[+0.6019, -0.4698, +0.1566, -0.6264]
[+0.7034, -0.4892, +0.1631, -0.4892]
[+0.7784, -0.5033, +0.1678, -0.3355]
[+0.8244, -0.5119, +0.1706, -0.1706]
[+0.8400, -0.5148, +0.1716, +0.0000]
[+0.8244, -0.5119, +0.1706, +0.1706]
[+0.7784, -0.5033, +0.1678, +0.3355]
[+0.7034, -0.4892, +0.1631, +0.4892]
[+0.6019, -0.4698, +0.1566, +0.6264]
[+0.4774, -0.4456, +0.1485, +0.7426]
[+0.4374, -0.4376, +0.2918, -0.7294]
[+0.5597, -0.4617, +0.3078, -0.6155]
[+0.6594, -0.4808, +0.3206, -0.4808]
[+0.7332, -0.4948, +0.3299, -0.3299]
[+0.7784, -0.5033, +0.3355, -0.1678]
[+0.7937, -0.5062, +0.3374, +0.0000]
[+0.7784, -0.5033, +0.3355, +0.1678]
[+0.7332, -0.4948, +0.3299, +0.3299]
[+0.6594, -0.4808, +0.3206, +0.4808]
[+0.5597, -0.4617, +0.3078, +0.6155]
[+0.4374, -0.4376, +0.2918, +0.7294]
[+0.3722, -0.4246, +0.4246, -0.7077]
[+0.4909, -0.4482, +0.4482, -0.5976]
[+0.5878, -0.4671, +0.4671, -0.4671]
[+0.6594, -0.4808, +0.4808, -0.3206]
[+0.7034, -0.4892, +0.4892, -0.1631]
[+0.7182, -0.4920, +0.4920, +0.0000]
[+0.7034, -0.4892, +0.4892, +0.1631]
[+0.6594, -0.4808, +0.4808, +0.3206]
[+0.5878, -0.4671, +0.4671, +0.4671]
[+0.4909, -0.4482, +0.4482, +0.5976]
[+0.3722, -0.4246, +0.4246, +0.7077]
[+0.2843, -0.4068, +0.5423, -0.6779]
[+0.3981, -0.4298, +0.5731, -0.5731]
[+0.4909, -0.4482, +0.5976, -0.4482]
[+0.5597, -0.4617, +0.6155, -0.3078]
[+0.6019, -0.4698, +0.6264, -0.1566]
[+0.6162, -0.4726, +0.6301, +0.0000]
[+0.6019, -0.4698, +0.6264, +0.1566]
[+0.5597, -0.4617, +0.6155, +0.3078]
[+0.4909, -0.4482, +0.5976, +0.4482]
[+0.3981, -0.4298, +0.5731, +0.5731]
[+0.2843, -0.4068, +0.5423, +0.6779]
[+0.1767, -0.3844, +0.6407, -0.6407]
[+0.2843, -0.4068, +0.6779, -0.5423]
[+0.3722, -0.4246, +0.7077, -0.4246]
[+0.4374, -0.4376, +0.7294, -0.2918]
[+0.4774, -0.4456, +0.7426, -0.1485]
[+0.4909, -0.4482, +0.7470, +0.0000]
[+0.4774, -0.4456, +0.7426, +0.1485]
[+0.4374, -0.4376, +0.7294, +0.2918]
[+0.3722, -0.4246, +0.7077, +0.4246]
[+0.2843, -0.4068, +0.6779, +0.5423]
[+0.1767, -0.3844, +0.6407, +0.6407]
[+0.2357, -0.2645, -0.6612, -0.6612]
[+0.3467, -0.2796, -0.6991, -0.5593]
[+0.4374, -0.2918, -0.7294, -0.4376]
[+0.5045, -0.3006, -0.7515, -0.3006]
[+0.5458, -0.3060, -0.7649, -0.1530]
[+0.5597, -0.3078, -0.7694, +0.0000]
[+0.5458, -0.3060, -0.7649, +0.1530]
[+0.5045, -0.3006, -0.7515, +0.3006]
[+0.4374, -0.2918, -0.7294, +0.4376]
[+0.3467, -0.2796, -0.6991, +0.5593]
[+0.2357, -0.2645, -0.6612, +0.6612]
[+0.3467, -0.2796, -0.5593, -0.6991]
[+0.4640, -0.2953, -0.5906, -0.5906]
[+0.5597, -0.3078, -0.6155, -0.4617]
[+0.6305, -0.3169, -0.6337, -0.3169]
[+0.6740, -0.3224, -0.6448, -0.1612]
[+0.6887, -0.3243, -0.6485, +0.0000]
[+0.6740, -0.3224, -0.6448, +0.1612]
[+0.6305, -0.3169, -0.6337, +0.3169]
[+0.5597, -0.3078, -0.6155, +0.4617]
[+0.4640, -0.2953, -0.5906, +0.5906]
[+0.3467, -0.2796, -0.5593, +0.6991]
[+0.4374, -0.2918, -0.4376, -0.7294]
[+0.5597, -0.3078, -0.4617, -0.6155]
[+0.6594, -0.3206, -0.4808, -0.4808]
[+0.7332, -0.3299, -0.4948, -0.3299]
[+0.7784, -0.3355, -0.5033, -0.1678]
[+0.7937, -0.3374, -0.5062, +0.0000]
[+0.7784, -0.3355, -0.5033, +0.1678]
[+0.7332, -0.3299, -0.4948, +0.3299]
[+0.6594, -0.3206, -0.4808, +0.4808]
[+0.5597, -0.3078, -0.4617, +0.6155]
[+0.4374, -0.2918, -0.4376, +0.7294]
[+0.5045, -0.3006, -0.3006, -0.7515]
[+0.6305, -0.3169, -0.3169, -0.6337]
[+0.7332, -0.3299, -0.3299, -0.4948]
[+0.8090, -0.3394, -0.3394, -0.3394]
[+0.8556, -0.3451, -0.3451, -0.1726]
[+0.8713, -0.3471, -0.3471, +0.0000]
[+0.8556, -0.3451, -0.3451, +0.1726]
[+0.8090, -0.3394, -0.3394, +0.3394]
[+0.7332, -0.3299, -0.3299, +0.4948]
[+0.6305, -0.3169, -0.3169, +0.6337]
[+0.5045, -0.3006, -0.3006, +0.7515]
[+0.5458, -0.3060, -0.1530, -0.7649]
[+0.6740, -0.3224, -0.1612, -0.6448]
[+0.7784, -0.3355, -0.1678, -0.5033]
[+0.8556, -0.3451, -0.1726, -0.3451]
[+0.9029, -0.3509, -0.1755, -0.1755]
[+0.9189, -0.3529, -0.1764, +0.0000]
[+0.9029, -0.3509, -0.1755, +0.1755]
[+0.8556, -0.3451, -0.1726, +0.3451]
[+0.7784, -0.3355, -0.1678, +0.5033]
[+0.6740, -0.3224, -0.1612, +0.6448]
[+0.5458, -0.3060, -0.1530, +0.7649]
[+0.5597, -0.3078, +0.0000, -0.7694]
[+0.6887, -0.3243, +0.0000, -0.6485]
[+0.7937, -0.3374, +0.0000, -0.5062]
[+0.8713, -0.3471, +0.0000, -0.3471]
[+0.9189, -0.3529, +0.0000, -0.1764]
[+0.9349, -0.3549, +0.0000, +0.0000]
[+0.9189, -0.3529, +0.0000, +0.1764]
[+0.8713, -0.3471, +0.0000, +0.3471]
[+0.7937, -0.3374, +0.0000, +0.5062]
[+0.6887, -0.3243, +0.0000, +0.6485]
[+0.5597, -0.3078, +0.0000, +0.7694]
[+0.5458, -0.3060, +0.1530, -0.7649]
[+0.6740, -0.3224, +0.1612, -0.6448]
[+0.7784, -0.3355, +0.1678, -0.5033]
[+0.8556, -0.3451, +0.1726, -0.3451]
[+0.9029, -0.3509, +0.1755, -0.1755]
[+0.9189, -0.3529, +0.1764, +0.0000]
[+0.9029, -0.3509, +0.1755, +0.1755]
[+0.8556, -0.3451, +0.1726, +0.3451]
[+0.7784, -0.3355, +0.1678, +0.5033]
[+0.6740, -0.3224, +0.1612, +0.6448]
[+0.5458, -0.3060, +0.1530, +0.7649]
[+0.5045, -0.3006, +0.3006, -0.7515]
[+0.6305, -0.3169, +0.3169, -0.6337]
[+0.7332, -0.3299, +0.3299, -0.4948]
[+0.8090, -0.3394, +0.3394, -0.3394]
[+0.8556, -0.3451, +0.3451, -0.1726]
[+0.8713, -0.3471, +0.3471, +0.0000]
[+0.8556, -0.3451, +0.3451, +0.1726]
[+0.8090, -0.3394, +0.3394, +0.3394]
[+0.7332, -0.3299, +0.3299, +0.4948]
[+0.6305, -0.3169, +0.3169, +0.6337]
[+0.5045, -0.3006, +0.3006, +0.7515]
[+0.4374, -0.2918, +0.4376, -0.7294]
[+0.5597, -0.3078, +0.4617, -0.6155]
[+0.6594, -0.3206, +0.4808, -0.4808]
[+0.7332, -0.3299, +0.4948, -0.3299]
[+0.7784, -0.3355, +0.5033, -0.1678]
[+0.7937, -0.3374, +0.5062, +0.0000]
[+0.7784, -0.3355, +0.5033, +0.1678]
[+0.7332, -0.3299, +0.4948, +0.3299]
[+0.6594, -0.3206, +0.4808, +0.4808]
[+0.5597, -0.3078, +0.4617, +0.6155]
[+0.4374, -0.2918, +0.4376, +0.7294]
[+0.3467, -0.2796, +0.5593, -0.6991]
[+0.4640, -0.2953, +0.5906, -0.5906]
[+0.5597, -0.3078, +0.6155, -0.4617]
[+0.6305, -0.3169, +0.6337, -0.3169]
[+0.6740, -0.3224, +0.6448, -0.1612]
[+0.6887, -0.3243, +0.6485, +0.0000]
[+0.6740, -0.3224, +0.6448, +0.1612]
[+0.6305, -0.3169, +0.6337, +0.3169]
[+0.5597, -0.3078, +0.6155, +0.4617]
[+0.4640, -0.2953, +0.5906, +0.5906]
[+0.3467, -0.2796, +0.5593, +0.6991]
[+0.2357, -0.2645, +0.6612, -0.6612]
[+0.3467, -0.2796, +0.6991, -0.5593]
[+0.4374, -0.2918, +0.7294, -0.4376]
[+0.5045, -0.3006, +0.7515, -0.3006]
[+0.5458, -0.3060, +0.7649, -0.1530]
[+0.5597, -0.3078, +0.7694, +0.0000]
[+0.5458, -0.3060, +0.7649, +0.1530]
[+0.5045, -0.3006, +0.7515, +0.3006]
[+0.4374, -0.2918, +0.7294, +0.4376]
[+0.3467, -0.2796, +0.6991, +0.5593]
[+0.2357, -0.2645, +0.6612, +0.6612]
[+0.2720, -0.1347, -0.6737, -0.6737]
[+0.3851, -0.1424, -0.7120, -0.5696]
[+0.4774, -0.1485, -0.7426, -0.4456]
[+0.5458, -0.1530, -0.7649, -0.3060]
[+0.5878, -0.1557, -0.7785, -0.1557]
[+0.6019, -0.1566, -0.7830, +0.0000]
[+0.5878, -0.1557, -0.7785, +0.1557]
[+0.5458, -0.1530, -0.7649, +0.3060]
[+0.4774, -0.1485, -0.7426, +0.4456]
[+0.3851, -0.1424, -0.7120, +0.5696]
[+0.2720, -0.1347, -0.6737, +0.6737]
[+0.3851, -0.1424, -0.5696, -0.7120]
[+0.5045, -0.1503, -0.6012, -0.6012]
[+0.6019, -0.1566, -0.6264, -0.4698]
[+0.6740, -0.1612, -0.6448, -0.3224]
[+0.7182, -0.1640, -0.6560, -0.1640]
[+0.7332, -0.1649, -0.6598, +0.0000]
[+0.7182, -0.1640, -0.6560, +0.1640]
[+0.6740, -0.1612, -0.6448, +0.3224]
[+0.6019, -0.1566, -0.6264, +0.4698]
[+0.5045, -0.1503, -0.6012, +0.6012]
[+0.3851, -0.1424, -0.5696, +0.7120]
[+0.4774, -0.1485, -0.4456, -0.7426]
[+0.6019, -0.1566, -0.4698, -0.6264]
[+0.7034, -0.1631, -0.4892, -0.4892]
[+0.7784, -0.1678, -0.5033, -0.3355]
[+0.8244, -0.1706, -0.5119, -0.1706]
[+0.8400, -0.1716, -0.5148, +0.0000]
[+0.8244, -0.1706, -0.5119, +0.1706]
[+0.7784, -0.1678, -0.5033, +0.3355]
[+0.7034, -0.1631, -0.4892, +0.4892]
[+0.6019, -0.1566, -0.4698, +0.6264]
[+0.4774, -0.1485, -0.4456, +0.7426]
[+0.5458, -0.1530, -0.3060, -0.7649]
[+0.6740, -0.1612, -0.3224, -0.6448]
[+0.7784, -0.1678, -0.3355, -0.5033]
[+0.8556, -0.1726, -0.3451, -0.3451]
[+0.9029, -0.1755, -0.3509, -0.1755]
[+0.9189, -0.1764, -0.3529, +0.0000]
[+0.9029, -0.1755, -0.3509, +0.1755]
[+0.8556, -0.1726, -0.3451, +0.3451]
[+0.7784, -0.1678, -0.3355, +0.5033]
[+0.6740, -0.1612, -0.3224, +0.6448]
[+0.5458, -0.1530, -0.3060, +0.7649]
[+0.5878, -0.1557, -0.1557, -0.7785]
[+0.7182, -0.1640, -0.1640, -0.6560]
[+0.8244, -0.1706, -0.1706, -0.5119]
[+0.9029, -0.1755, -0.1755, -0.3509]
[+0.9511, -0.1784, -0.1784, -0.1784]
[+0.9673, -0.1794, -0.1794, +0.0000]
[+0.9511, -0.1784, -0.1784, +0.1784]
[+0.9029, -0.1755, -0.1755, +0.3509]
[+0.8244, -0.1706, -0.1706, +0.5119]
[+0.7182, -0.1640, -0.1640, +0.6560]
[+0.5878, -0.1557, -0.1557, +0.7785]
[+0.6019, -0.1566, +0.0000, -0.7830]
[+0.7332, -0.1649, +0.0000, -0.6598]
[+0.8400, -0.1716, +0.0000, -0.5148]
[+0.9189, -0.1764, +0.0000, -0.3529]
[+0.9673, -0.1794, +0.0000, -0.1794]
[+0.9836, -0.1804, +0.0000, +0.0000]
[+0.9673, -0.1794, +0.0000, +0.1794]
[+0.9189, -0.1764, +0.0000, +0.3529]
[+0.8400, -0.1716, +0.0000, +0.5148]
[+0.7332, -0.1649, +0.0000, +0.6598]
[+0.6019, -0.1566, +0.0000, +0.7830]
[+0.5878, -0.1557, +0.1557, -0.7785]
[+0.7182, -0.1640, +0.1640, -0.6560]
[+0.8244, -0.1706, +0.1706, -0.5119]
[+0.9029, -0.1755, +0.1755, -0.3509]
[+0.9511, -0.1784, +0.1784, -0.1784]
[+0.9673, -0.1794, +0.1794, +0.0000]
[+0.9511, -0.1784, +0.1784, +0.1784]
[+0.9029, -0.1755, +0.1755, +0.3509]
[+0.8244, -0.1706, +0.1706, +0.5119]
[+0.7182, -0.1640, +0.1640, +0.6560]
[+0.5878, -0.1557, +0.1557, +0.7785]
[+0.5458, -0.1530, +0.3060, -0.7649]
[+0.6740, -0.1612, +0.3224, -0.6448]
[+0.7784, -0.1678, +0.3355, -0.5033]
[+0.8556, -0.1726, +0.3451, -0.3451]
[+0.9029, -0.1755, +0.3509, -0.1755]
[+0.9189, -0.1764, +0.3529, +0.0000]
[+0.9029, -0.1755, +0.3509, +0.1755]
[+0.8556, -0.1726, +0.3451, +0.3451]
[+0.7784, -0.1678, +0.3355, +0.5033]
[+0.6740, -0.1612, +0.3224, +0.6448]
[+0.5458, -0.1530, +0.3060, +0.7649]
[+0.4774, -0.1485, +0.4456, -0.7426]
[+0.6019, -0.1566, +0.4698, -0.6264]
[+0.7034, -0.1631, +0.4892, -0.4892]
[+0.7784, -0.1678, +0.5033, -0.3355]
[+0.8244, -0.1706, +0.5119, -0.1706]
[+0.8400, -0.1716, +0.5148, +0.0000]
[+0.8244, -0.1706, +0.5119, +0.1706]
[+0.7784, -0.1678, +0.5033, +0.3355]
[+0.7034, -0.1631, +0.4892, +0.4892]
[+0.6019, -0.1566, +0.4698, +0.6264]
[+0.4774, -0.1485, +0.4456, +0.7426]
[+0.3851, -0.1424, +0.5696, -0.7120]
[+0.5045, -0.1503, +0.6012, -0.6012]
[+0.6019, -0.1566, +0.6264, -0.4698]
[+0.6740, -0.1612, +0.6448, -0.3224]
[+0.7182, -0.1640, +0.6560, -0.1640]
[+0.7332, -0.1649, +0.6598, +0.0000]
[+0.7182, -0.1640, +0.6560, +0.1640]
[+0.6740, -0.1612, +0.6448, +0.3224]
[+0.6019, -0.1566, +0.6264, +0.4698]
[+0.5045, -0.1503, +0.6012, +0.6012]
[+0.3851, -0.1424, +0.5696, +0.7120]
[+0.2720, -0.1347, +0.6737, -0.6737]
[+0.3851, -0.1424, +0.7120, -0.5696]
[+0.4774, -0.1485, +0.7426, -0.4456]
[+0.5458, -0.1530, +0.7649, -0.3060]
[+0.5878, -0.1557, +0.7785, -0.1557]
[+0.6019, -0.1566, +0.7830, +0.0000]
[+0.5878, -0.1557, +0.7785, +0.1557]
[+0.5458, -0.1530, +0.7649, +0.3060]
[+0.4774, -0.1485, +0.7426, +0.4456]
[+0.3851, -0.1424, +0.7120, +0.5696]
[+0.2720, -0.1347, +0.6737, +0.6737]
[+0.2843, +0.0000, -0.6779, -0.6779]
[+0.3981, +0.0000, -0.7163, -0.5731]
[+0.4909, +0.0000, -0.7470, -0.4482]
[+0.5597, +0.0000, -0.7694, -0.3078]
[+0.6019, +0.0000, -0.7830, -0.1566]
[+0.6162, +0.0000, -0.7876, +0.0000]
[+0.6019, +0.0000, -0.7830, +0.1566]
[+0.5597, +0.0000, -0.7694, +0.3078]
[+0.4909, +0.0000, -0.7470, +0.4482]
[+0.3981, +0.0000, -0.7163, +0.5731]
[+0.2843, +0.0000, -0.6779, +0.6779]
[+0.3981, +0.0000, -0.5731, -0.7163]
[+0.5182, +0.0000, -0.6048, -0.6048]
[+0.6162, +0.0000, -0.6301, -0.4726]
[+0.6887, +0.0000, -0.6485, -0.3243]
[+0.7332, +0.0000, -0.6598, -0.1649]
[+0.7482, +0.0000, -0.6635, +0.0000]
[+0.7332, +0.0000, -0.6598, +0.1649]
[+0.6887, +0.0000, -0.6485, +0.3243]
[+0.6162, +0.0000, -0.6301, +0.4726]
[+0.5182, +0.0000, -0.6048, +0.6048]
[+0.3981, +0.0000, -0.5731, +0.7163]
[+0.4909, +0.0000, -0.4482, -0.7470]
[+0.6162, +0.0000, -0.4726, -0.6301]
[+0.7182, +0.0000, -0.4920, -0.4920]
[+0.7937, +0.0000, -0.5062, -0.3374]
[+0.8400, +0.0000, -0.5148, -0.1716]
[+0.8556, +0.0000, -0.5177, +0.0000]
[+0.8400, +0.0000, -0.5148, +0.1716]
[+0.7937, +0.0000, -0.5062, +0.3374]
[+0.7182, +0.0000, -0.4920, +0.4920]
[+0.6162, +0.0000, -0.4726, +0.6301]
[+0.4909, +0.0000, -0.4482, +0.7470]
[+0.5597, +0.0000, -0.3078, -0.7694]
[+0.6887, +0.0000, -0.3243, -0.6485]
[+0.7937, +0.0000, -0.3374, -0.5062]
[+0.8713, +0.0000, -0.3471, -0.3471]
[+0.9189, +0.0000, -0.3529, -0.1764]
[+0.9349, +0.0000, -0.3549, +0.0000]
[+0.9189, +0.0000, -0.3529, +0.1764]
[+0.8713, +0.0000, -0.3471, +0.3471]
[+0.7937, +0.0000, -0.3374, +0.5062]
[+0.6887, +0.0000, -0.3243, +0.6485]
[+0.5597, +0.0000, -0.3078, +0.7694]
[+0.6019, +0.0000, -0.1566, -0.7830]
[+0.7332, +0.0000, -0.1649, -0.6598]
[+0.8400, +0.0000, -0.1716, -0.5148]
[+0.9189, +0.0000, -0.1764, -0.3529]
[+0.9673, +0.0000, -0.1794, -0.1794]
[+0.9836, +0.0000, -0.1804, +0.0000]
[+0.9673, +0.0000, -0.1794, +0.1794]
[+0.9189, +0.0000, -0.1764, +0.3529]
[+0.8400, +0.0000, -0.1716, +0.5148]
[+0.7332, +0.0000, -0.1649, +0.6598]
[+0.6019, +0.0000, -0.1566, +0.7830]
[+0.6162, +0.0000, +0.0000, -0.7876]
[+0.7482, +0.0000, +0.0000, -0.6635]
[+0.8556, +0.0000, +0.0000, -0.5177]
[+0.9349, +0.0000, +0.0000, -0.3549]
[+0.9836, +0.0000, +0.0000, -0.1804]
[+1.0000, +0.0000, +0.0000, +0.0000]
[+0.9836, +0.0000, +0.0000, +0.1804]
[+0.9349, +0.0000, +0.0000, +0.3549]
[+0.8556, +0.0000, +0.0000, +0.5177]
[+0.7482, +0.0000, +0.0000, +0.6635]
[+0.6162, +0.0000, +0.0000, +0.7876]
[+0.6019, +0.0000, +0.1566, -0.7830]
[+0.7332, +0.0000, +0.1649, -0.6598]
[+0.8400, +0.0000, +0.1716, -0.5148]
[+0.9189, +0.0000, +0.1764, -0.3529]
[+0.9673, +0.0000, +0.1794, -0.1794]
[+0.9836, +0.0000, +0.1804, +0.0000]
[+0.9673, +0.0000, +0.1794, +0.1794]
[+0.9189, +0.0000, +0.1764, +0.3529]
[+0.8400, +0.0000, +0.1716, +0.5148]
[+0.7332, +0.0000, +0.1649, +0.6598]
[+0.6019, +0.0000, +0.1566, +0.7830]
[+0.5597, +0.0000, +0.3078, -0.7694]
[+0.6887, +0.0000, +0.3243, -0.6485]
[+0.7937, +0.0000, +0.3374, -0.5062]
[+0.8713, +0.0000, +0.3471, -0.3471]
[+0.9189, +0.0000, +0.3529, -0.1764]
[+0.9349, +0.0000, +0.3549, +0.0000]
[+0.9189, +0.0000, +0.3529, +0.1764]
[+0.8713, +0.0000, +0.3471, +0.3471]
[+0.7937, +0.0000, +0.3374, +0.5062]
[+0.6887, +0.0000, +0.3243, +0.6485]
[+0.5597, +0.0000, +0.3078, +0.7694]
[+0.4909, +0.0000, +0.4482, -0.7470]
[+0.6162, +0.0000, +0.4726, -0.6301]
[+0.7182, +0.0000, +0.4920, -0.4920]
[+0.7937, +0.0000, +0.5062, -0.3374]
[+0.8400, +0.0000, +0.5148, -0.1716]
[+0.8556, +0.0000, +0.5177, +0.0000]
[+0.8400, +0.0000, +0.5148, +0.1716]
[+0.7937, +0.0000, +0.5062, +0.3374]
[+0.7182, +0.0000, +0.4920, +0.4920]
[+0.6162, +0.0000, +0.4726, +0.6301]
[+0.4909, +0.0000, +0.4482, +0.7470]
[+0.3981, +0.0000, +0.5731, -0.7163]
[+0.5182, +0.0000, +0.6048, -0.6048]
[+0.6162, +0.0000, +0.6301, -0.4726]
[+0.6887, +0.0000, +0.6485, -0.3243]
[+0.7332, +0.0000, +0.6598, -0.1649]
[+0.7482, +0.0000, +0.6635, +0.0000]
[+0.7332, +0.0000, +0.6598, +0.1649]
[+0.6887, +0.0000, +0.6485, +0.3243]
[+0.6162, +0.0000, +0.6301, +0.4726]
[+0.5182, +0.0000, +0.6048, +0.6048]
[+0.3981, +0.0000, +0.5731, +0.7163]
[+0.2843, +0.0000, +0.6779, -0.6779]
[+0.3981, +0.0000, +0.7163, -0.5731]
[+0.4909, +0.0000, +0.7470, -0.4482]
[+0.5597, +0.0000, +0.7694, -0.3078]
[+0.6019, +0.0000, +0.7830, -0.1566]
[+0.6162, +0.0000, +0.7876, +0.0000]
[+0.6019, +0.0000, +0.7830, +0.1566]
[+0.5597, +0.0000, +0.7694, +0.3078]
[+0.4909, +0.0000, +0.7470, +0.4482]
[+0.3981, +0.0000, +0.7163, +0.5731]
[+0.2843, +0.0000, +0.6779, +0.6779]
[+0.2720, +0.1347, -0.6737, -0.6737]
[+0.3851, +0.1424, -0.7120, -0.5696]
[+0.4774, +0.1485, -0.7426, -0.4456]
[+0.5458, +0.1530, -0.7649, -0.3060]
[+0.5878, +0.1557, -0.7785, -0.1557]
[+0.6019, +0.1566, -0.7830, +0.0000]
[+0.5878, +0.1557, -0.7785, +0.1557]
[+0.5458, +0.1530, -0.7649, +0.3060]
[+0.4774, +0.1485, -0.7426, +0.4456]
[+0.3851, +0.1424, -0.7120, +0.5696]
[+0.2720, +0.1347, -0.6737, +0.6737]
[+0.3851, +0.1424, -0.5696, -0.7120]
[+0.5045, +0.1503, -0.6012, -0.6012]
[+0.6019, +0.1566, -0.6264, -0.4698]
[+0.6740, +0.1612, -0.6448, -0.3224]
[+0.7182, +0.1640, -0.6560, -0.1640]
[+0.7332, +0.1649, -0.6598, +0.0000]
[+0.7182, +0.1640, -0.6560, +0.1640]
[+0.6740, +0.1612, -0.6448, +0.3224]
[+0.6019, +0.1566, -0.6264, +0.4698]
[+0.5045, +0.1503, -0.6012, +0.6012]
[+0.3851, +0.1424, -0.5696, +0.7120]
[+0.4774, +0.1485, -0.4456, -0.7426]
[+0.6019, +0.1566, -0.4698, -0.6264]
[+0.7034, +0.1631, -0.4892, -0.4892]
[+0.7784, +0.1678, -0.5033, -0.3355]
[+0.8244, +0.1706, -0.5119, -0.1706]
[+0.8400, +0.1716, -0.5148, +0.0000]
[+0.8244, +0.1706, -0.5119, +0.1706]
[+0.7784, +0.1678, -0.5033, +0.3355]
[+0.7034, +0.1631, -0.4892, +0.4892]
[+0.6019, +0.1566, -0.4698, +0.6264]
[+0.4774, +0.1485, -0.4456, +0.7426]
[+0.5458, +0.1530, -0.3060, -0.7649]
[+0.6740, +0.1612, -0.3224, -0.6448]
[+0.7784, +0.1678, -0.3355, -0.5033]
[+0.8556, +0.1726, -0.3451, -0.3451]
[+0.9029, +0.1755, -0.3509, -0.1755]
[+0.9189, +0.1764, -0.3529, +0.0000]
[+0.9029, +0.1755, -0.3509, +0.1755]
[+0.8556, +0.1726, -0.3451, +0.3451]
[+0.7784, +0.1678, -0.3355, +0.5033]
[+0.6740, +0.1612, -0.3224, +0.6448]
[+0.5458, +0.1530, -0.3060, +0.7649]
[+0.5878, +0.1557, -0.1557, -0.7785]
[+0.7182, +0.1640, -0.1640, -0.6560]
[+0.8244, +0.1706, -0.1706, -0.5119]
[+0.9029, +0.1755, -0.1755, -0.3509]
[+0.9511, +0.1784, -0.1784, -0.1784]
[+0.9673, +0.1794, -0.1794, +0.0000]
[+0.9511, +0.1784, -0.1784, +0.1784]
[+0.9029, +0.1755, -0.1755, +0.3509]
[+0.8244, +0.1706, -0.1706, +0.5119]
[+0.7182, +0.1640, -0.1640, +0.6560]
[+0.5878, +0.1557, -0.1557, +0.7785]
[+0.6019, +0.1566, +0.0000, -0.7830]
[+0.7332, +0.1649, +0.0000, -0.6598]
[+0.8400, +0.1716, +0.0000, -0.5148]
[+0.9189, +0.1764, +0.0000, -0.3529]
[+0.9673, +0.1794, +0.0000, -0.1794]
[+0.9836, +0.1804, +0.0000, +0.0000]
[+0.9673, +0.1794, +0.0000, +0.1794]
[+0.9189, +0.1764, +0.0000, +0.3529]
[+0.8400, +0.1716, +0.0000, +0.5148]
[+0.7332, +0.1649, +0.0000, +0.6598]
[+0.6019, +0.1566, +0.0000, +0.7830]
[+0.5878, +0.1557, +0.1557, -0.7785]
[+0.7182, +0.1640, +0.1640, -0.6560]
[+0.8244, +0.1706, +0.1706, -0.5119]
[+0.9029, +0.1755, +0.1755, -0.3509]
[+0.9511, +0.1784, +0.1784, -0.1784]
[+0.9673, +0.1794, +0.1794, +0.0000]
[+0.9511, +0.1784, +0.1784, +0.1784]
[+0.9029, +0.1755, +0.1755, +0.3509]
[+0.8244, +0.1706, +0.1706, +0.5119]
[+0.7182, +0.1640, +0.1640, +0.6560]
[+0.5878, +0.1557, +0.1557, +0.7785]
[+0.5458, +0.1530, +0.3060, -0.7649]
[+0.6740, +0.1612, +0.3224, -0.6448]
[+0.7784, +0.1678, +0.3355, -0.5033]
[+0.8556, +0.1726, +0.3451, -0.3451]
[+0.9029, +0.1755, +0.3509, -0.1755]
[+0.9189, +0.1764, +0.3529, +0.0000]
[+0.9029, +0.1755, +0.3509, +0.1755]
[+0.8556, +0.1726, +0.3451, +0.3451]
[+0.7784, +0.1678, +0.3355, +0.5033]
[+0.6740, +0.1612, +0.3224, +0.6448]
[+0.5458, +0.1530, +0.3060, +0.7649]
[+0.4774, +0.1485, +0.4456, -0.7426]
[+0.6019, +0.1566, +0.4698, -0.6264]
[+0.7034, +0.1631, +0.4892, -0.4892]
[+0.7784, +0.1678, +0.5033, -0.3355]
[+0.8244, +0.1706, +0.5119, -0.1706]
[+0.8400, +0.1716, +0.5148, +0.0000]
[+0.8244, +0.1706, +0.5119, +0.1706]
[+0.7784, +0.1678, +0.5033, +0.3355]
[+0.7034, +0.1631, +0.4892, +0.4892]
[+0.6019, +0.1566, +0.4698, +0.6264]
[+0.4774, +0.1485, +0.4456, +0.7426]
[+0.3851, +0.1424, +0.5696, -0.7120]
[+0.5045, +0.1503, +0.6012, -0.6012]
[+0.6019, +0.1566, +0.6264, -0.4698]
[+0.6740, +0.1612, +0.6448, -0.3224]
[+0.7182, +0.1640, +0.6560, -0.1640]
[+0.7332, +0.1649, +0.6598, +0.0000]
[+0.7182, +0.1640, +0.6560, +0.1640]
[+0.6740, +0.1612, +0.6448, +0.3224]
[+0.6019, +0.1566, +0.6264, +0.4698]
[+0.5045, +0.1503, +0.6012, +0.6012]
[+0.3851, +0.1424, +0.5696, +0.7120]
[+0.2720, +0.1347, +0.6737, -0.6737]
[+0.3851, +0.1424, +0.7120, -0.5696]
[+0.4774, +0.1485, +0.7426, -0.4456]
[+0.5458, +0.1530, +0.7649, -0.3060]
[+0.5878, +0.1557, +0.7785, -0.1557]
[+0.6019, +0.1566, +0.7830, +0.0000]
[+0.5878, +0.1557, +0.7785, +0.1557]
[+0.5458, +0.1530, +0.7649, +0.3060]
[+0.4774, +0.1485, +0.7426, +0.4456]
[+0.3851, +0.1424, +0.7120, +0.5696]
[+0.2720, +0.1347, +0.6737, +0.6737]
[+0.2357, +0.2645, -0.6612, -0.6612]
[+0.3467, +0.2796, -0.6991, -0.5593]
[+0.4374, +0.2918, -0.7294, -0.4376]
[+0.5045, +0.3006, -0.7515, -0.3006]
[+0.5458, +0.3060, -0.7649, -0.1530]
[+0.5597, +0.3078, -0.7694, +0.0000]
[+0.5458, +0.3060, -0.7649, +0.1530]
[+0.5045, +0.3006, -0.7515, +0.3006]
[+0.4374, +0.2918, -0.7294, +0.4376]
[+0.3467, +0.2796, -0.6991, +0.5593]
[+0.2357, +0.2645, -0.6612, +0.6612]
[+0.3467, +0.2796, -0.5593, -0.6991]
[+0.4640, +0.2953, -0.5906, -0.5906]
[+0.5597, +0.3078, -0.6155, -0.4617]
[+0.6305, +0.3169, -0.6337, -0.3169]
[+0.6740, +0.3224, -0.6448, -0.1612]
[+0.6887, +0.3243, -0.6485, +0.0000]
[+0.6740, +0.3224, -0.6448, +0.1612]
[+0.6305, +0.3169, -0.6337, +0.3169]
[+0.5597, +0.3078, -0.6155, +0.4617]
[+0.4640, +0.2953, -0.5906, +0.5906]
[+0.3467, +0.2796, -0.5593, +0.6991]
[+0.4374, +0.2918, -0.4376, -0.7294]
[+0.5597, +0.3078, -0.4617, -0.6155]
[+0.6594, +0.3206, -0.4808, -0.4808]
[+0.7332, +0.3299, -0.4948, -0.3299]
[+0.7784, +0.3355, -0.5033, -0.1678]
[+0.7937, +0.3374, -0.5062, +0.0000]
[+0.7784, +0.3355, -0.5033, +0.1678]
[+0.7332, +0.3299, -0.4948, +0.3299]
[+0.6594, +0.3206, -0.4808, +0.4808]
[+0.5597, +0.3078, -0.4617, +0.6155]
[+0.4374, +0.2918, -0.4376, +0.7294]
[+0.5045, +0.3006, -0.3006, -0.7515]
[+0.6305, +0.3169, -0.3169, -0.6337]
[+0.7332, +0.3299, -0.3299, -0.4948]
[+0.8090, +0.3394, -0.3394, -0.3394]
[+0.8556, +0.3451, -0.3451, -0.1726]
[+0.8713, +0.3471, -0.3471, +0.0000]
[+0.8556, +0.3451, -0.3451, +0.1726]
[+0.8090, +0.3394, -0.3394, +0.3394]
[+0.7332, +0.3299, -0.3299, +0.4948]
[+0.6305, +0.3169, -0.3169, +0.6337]
[+0.5045, +0.3006, -0.3006, +0.7515]
[+0.5458, +0.3060, -0.1530, -0.7649]
[+0.6740, +0.3224, -0.1612, -0.6448]
[+0.7784, +0.3355, -0.1678, -0.5033]
[+0.8556, +0.3451, -0.1726, -0.3451]
[+0.9029, +0.3509, -0.1755, -0.1755]
[+0.9189, +0.3529, -0.1764, +0.0000]
[+0.9029, +0.3509, -0.1755, +0.1755]
[+0.8556, +0.3451, -0.1726, +0.3451]
[+0.7784, +0.3355, -0.1678, +0.5033]
[+0.6740, +0.3224, -0.1612, +0.6448]
[+0.5458, +0.3060, -0.1530, +0.7649]
[+0.5597, +0.3078, +0.0000, -0.7694]
[+0.6887, +0.3243, +0.0000, -0.6485]
[+0.7937, +0.3374, +0.0000, -0.5062]
[+0.8713, +0.3471, +0.0000, -0.3471]
[+0.9189, +0.3529, +0.0000, -0.1764]
[+0.9349, +0.3549, +0.0000, +0.0000]
[+0.9189, +0.3529, +0.0000, +0.1764]
[+0.8713, +0.3471, +0.0000, +0.3471]
[+0.7937, +0.3374, +0.0000, +0.5062]
[+0.6887, +0.3243, +0.0000, +0.6485]
[+0.5597, +0.3078, +0.0000, +0.7694]
[+0.5458, +0.3060, +0.1530, -0.7649]
[+0.6740, +0.3224, +0.1612, -0.6448]
[+0.7784, +0.3355, +0.1678, -0.5033]
[+0.8556, +0.3451, +0.1726, -0.3451]
[+0.9029, +0.3509, +0.1755, -0.1755]
[+0.9189, +0.3529, +0.1764, +0.0000]
[+0.9029, +0.3509, +0.1755, +0.1755]
[+0.8556, +0.3451, +0.1726, +0.3451]
[+0.7784, +0.3355, +0.1678, +0.5033]
[+0.6740, +0.3224, +0.1612, +0.6448]
[+0.5458, +0.3060, +0.1530, +0.7649]
[+0.5045, +0.3006, +0.3006, -0.7515]
[+0.6305, +0.3169, +0.3169, -0.6337]
[+0.7332, +0.3299, +0.3299, -0.4948]
[+0.8090, +0.3394, +0.3394, -0.3394]
[+0.8556, +0.3451, +0.3451, -0.1726]
[+0.8713, +0.3471, +0.3471, +0.0000]
[+0.8556, +0.3451, +0.3451, +0.1726]
[+0.8090, +0.3394, +0.3394, +0.3394]
[+0.7332, +0.3299, +0.3299, +0.4948]
[+0.6305, +0.3169, +0.3169, +0.6337]
[+0.5045, +0.3006, +0.3006, +0.7515]
[+0.4374, +0.2918, +0.4376, -0.7294]
[+0.5597, +0.3078, +0.4617, -0.6155]
[+0.6594, +0.3206, +0.4808, -0.4808]
[+0.7332, +0.3299, +0.4948, -0.3299]
[+0.7784, +0.3355, +0.5033, -0.1678]
[+0.7937, +0.3374, +0.5062, +0.0000]
[+0.7784, +0.3355, +0.5033, +0.1678]
[+0.7332, +0.3299, +0.4948, +0.3299]
[+0.6594, +0.3206, +0.4808, +0.4808]
[+0.5597, +0.3078, +0.4617, +0.6155]
[+0.4374, +0.2918, +0.4376, +0.7294]
[+0.3467, +0.2796, +0.5593, -0.6991]
[+0.4640, +0.2953, +0.5906, -0.5906]
[+0.5597, +0.3078, +0.6155, -0.4617]
[+0.6305, +0.3169, +0.6337, -0.3169]
[+0.6740, +0.3224, +0.6448, -0.1612]
[+0.6887, +0.3243, +0.6485, +0.0000]
[+0.6740, +0.3224, +0.6448, +0.1612]
[+0.6305, +0.3169, +0.6337, +0.3169]
[+0.5597, +0.3078, +0.6155, +0.4617]
[+0.4640, +0.2953, +0.5906, +0.5906]
[+0.3467, +0.2796, +0.5593, +0.6991]
[+0.2357, +0.2645, +0.6612, -0.6612]
[+0.3467, +0.2796, +0.6991, -0.5593]
[+0.4374, +0.2918, +0.7294, -0.4376]
[+0.5045, +0.3006, +0.7515, -0.3006]
[+0.5458, +0.3060, +0.7649, -0.1530]
[+0.5597, +0.3078, +0.7694, +0.0000]
[+0.5458, +0.3060, +0.7649, +0.1530]
[+0.5045, +0.3006, +0.7515, +0.3006]
[+0.4374, +0.2918, +0.7294, +0.4376]
[+0.3467, +0.2796, +0.6991, +0.5593]
[+0.2357, +0.2645, +0.6612, +0.6612]
[+0.1767, +0.3844, -0.6407, -0.6407]
[+0.2843, +0.4068, -0.6779, -0.5423]
[+0.3722, +0.4246, -0.7077, -0.4246]
[+0.4374, +0.4376, -0.7294, -0.2918]
[+0.4774, +0.4456, -0.7426, -0.1485]
[+0.4909, +0.4482, -0.7470, +0.0000]
[+0.4774, +0.4456, -0.7426, +0.1485]
[+0.4374, +0.4376, -0.7294, +0.2918]
[+0.3722, +0.4246, -0.7077, +0.4246]
[+0.2843, +0.4068, -0.6779, +0.5423]
[+0.1767, +0.3844, -0.6407, +0.6407]
[+0.2843, +0.4068, -0.5423, -0.6779]
[+0.3981, +0.4298, -0.5731, -0.5731]
[+0.4909, +0.4482, -0.5976, -0.4482]
[+0.5597, +0.4617, -0.6155, -0.3078]
[+0.6019, +0.4698, -0.6264, -0.1566]
[+0.6162, +0.4726, -0.6301, +0.0000]
[+0.6019, +0.4698, -0.6264, +0.1566]
[+0.5597, +0.4617, -0.6155, +0.3078]
[+0.4909, +0.4482, -0.5976, +0.4482]
[+0.3981, +0.4298, -0.5731, +0.5731]
[+0.2843, +0.4068, -0.5423, +0.6779]
[+0.3722, +0.4246, -0.4246, -0.7077]
[+0.4909, +0.4482, -0.4482, -0.5976]
[+0.5878, +0.4671, -0.4671, -0.4671]
[+0.6594, +0.4808, -0.4808, -0.3206]
[+0.7034, +0.4892, -0.4892, -0.1631]
[+0.7182, +0.4920, -0.4920, +0.0000]
[+0.7034, +0.4892, -0.4892, +0.1631]
[+0.6594, +0.4808, -0.4808, +0.3206]
[+0.5878, +0.4671, -0.4671, +0.4671]
[+0.4909, +0.4482, -0.4482, +0.5976]
[+0.3722, +0.4246, -0.4246, +0.7077]
[+0.4374, +0.4376, -0.2918, -0.7294]
[+0.5597, +0.4617, -0.3078, -0.6155]
[+0.6594, +0.4808, -0.3206, -0.4808]
[+0.7332, +0.4948, -0.3299, -0.3299]
[+0.7784, +0.5033, -0.3355, -0.1678]
[+0.7937, +0.5062, -0.3374, +0.0000]
[+0.7784, +0.5033, -0.3355, +0.1678]
[+0.7332, +0.4948, -0.3299, +0.3299]
[+0.6594, +0.4808, -0.3206, +0.4808]
[+0.5597, +0.4617, -0.3078, +0.6155]
[+0.4374, +0.4376, -0.2918, +0.7294]
[+0.4774, +0.4456, -0.1485, -0.7426]
[+0.6019, +0.4698, -0.1566, -0.6264]
[+0.7034, +0.4892, -0.1631, -0.4892]
[+0.7784, +0.5033, -0.1678, -0.3355]
[+0.8244, +0.5119, -0.1706, -0.1706]
[+0.8400, +0.5148, -0.1716, +0.0000]
[+0.8244, +0.5119, -0.1706, +0.1706]
[+0.7784, +0.5033, -0.1678, +0.3355]
[+0.7034, +0.4892, -0.1631, +0.4892]
[+0.6019, +0.4698, -0.1566, +0.6264]
[+0.4774, +0.4456, -0.1485, +0.7426]
[+0.4909, +0.4482, +0.0000, -0.7470]
[+0.6162, +0.4726, +0.0000, -0.6301]
[+0.7182, +0.4920, +0.0000, -0.4920]
[+0.7937, +0.5062, +0.0000, -0.3374]
[+0.8400, +0.5148, +0.0000, -0.1716]
[+0.8556, +0.5177, +0.0000, +0.0000]
[+0.8400, +0.5148, +0.0000, +0.1716]
[+0.7937, +0.5062, +0.0000, +0.3374]
[+0.7182, +0.4920, +0.0000, +0.4920]
[+0.6162, +0.4726, +0.0000, +0.6301]
[+0.4909, +0.4482, +0.0000, +0.7470]
[+0.4774, +0.4456, +0.1485, -0.7426]
[+0.6019, +0.4698, +0.1566, -0.6264]
[+0.7034, +0.4892, +0.1631, -0.4892]
[+0.7784, +0.5033, +0.1678, -0.3355]
[+0.8244, +0.5119, +0.1706, -0.1706]
[+0.8400, +0.5148, +0.1716, +0.0000]
[+0.8244, +0.5119, +0.1706, +0.1706]
[+0.7784, +0.5033, +0.1678, +0.3355]
[+0.7034, +0.4892, +0.1631, +0.4892]
[+0.6019, +0.4698, +0.1566, +0.6264]
[+0.4774, +0.4456, +0.1485, +0.7426]
[+0.4374, +0.4376, +0.2918, -0.7294]
[+0.5597, +0.4617, +0.3078, -0.6155]
[+0.6594, +0.4808, +0.3206, -0.4808]
[+0.7332, +0.4948, +0.3299, -0.3299]
[+0.7784, +0.5033, +0.3355, -0.1678]
[+0.7937, +0.5062, +0.3374, +0.0000]
[+0.7784, +0.5033, +0.3355, +0.1678]
[+0.7332, +0.4948, +0.3299, +0.3299]
[+0.6594, +0.4808, +0.3206, +0.4808]
[+0.5597, +0.4617, +0.3078, +0.6155]
[+0.4374, +0.4376, +0.2918, +0.7294]
[+0.3722, +0.4246, +0.4246, -0.7077]
[+0.4909, +0.4482, +0.4482, -0.5976]
[+0.5878, +0.4671, +0.4671, -0.4671]
[+0.6594, +0.4808, +0.4808, -0.3206]
[+0.7034, +0.4892, +0.4892, -0.1631]
[+0.7182, +0.4920, +0.4920, +0.0000]
[+0.7034, +0.4892, +0.4892, +0.1631]
[+0.6594, +0.4808, +0.4808, +0.3206]
[+0.5878, +0.4671, +0.4671, +0.4671]
[+0.4909, +0.4482, +0.4482, +0.5976]
[+0.3722, +0.4246, +0.4246, +0.7077]
[+0.2843, +0.4068, +0.5423, -0.6779]
[+0.3981, +0.4298, +0.5731, -0.5731]
[+0.4909, +0.4482, +0.5976, -0.4482]
[+0.5597, +0.4617, +0.6155, -0.3078]
[+0.6019, +0.4698, +0.6264, -0.1566]
[+0.6162, +0.4726, +0.6301, +0.0000]
[+0.6019, +0.4698, +0.6264, +0.1566]
[+0.5597, +0.4617, +0.6155, +0.3078]
[+0.4909, +0.4482, +0.5976, +0.4482]
[+0.3981, +0.4298, +0.5731, +0.5731]
[+0.2843, +0.4068, +0.5423, +0.6779]
[+0.1767, +0.3844, +0.6407, -0.6407]
[+0.2843, +0.4068, +0.6779, -0.5423]
[+0.3722, +0.4246, +0.7077, -0.4246]
[+0.4374, +0.4376, +0.7294, -0.2918]
[+0.4774, +0.4456, +0.7426, -0.1485]
[+0.4909, +0.4482, +0.7470, +0.0000]
[+0.4774, +0.4456, +0.7426, +0.1485]
[+0.4374, +0.4376, +0.7294, +0.2918]
[+0.3722, +0.4246, +0.7077, +0.4246]
[+0.2843, +0.4068, +0.6779, +0.5423]
[+0.1767, +0.3844, +0.6407, +0.6407]
[+0.0971, +0.4900, -0.6125, -0.6125]
[+0.2000, +0.5191, -0.6489, -0.5191]
[+0.2843, +0.5423, -0.6779, -0.4068]
[+0.3467, +0.5593, -0.6991, -0.2796]
[+0.3851, +0.5696, -0.7120, -0.1424]
[+0.3981, +0.5731, -0.7163, +0.0000]
[+0.3851, +0.5696, -0.7120, +0.1424]
[+0.3467, +0.5593, -0.6991, +0.2796]
[+0.2843, +0.5423, -0.6779, +0.4068]
[+0.2000, +0.5191, -0.6489, +0.5191]
[+0.0971, +0.4900, -0.6125, +0.6125]
[+0.2000, +0.5191, -0.5191, -0.6489]
[+0.3090, +0.5491, -0.5491, -0.5491]
[+0.3981, +0.5731, -0.5731, -0.4298]
[+0.4640, +0.5906, -0.5906, -0.2953]
[+0.5045, +0.6012, -0.6012, -0.1503]
[+0.5182, +0.6048, -0.6048, +0.0000]
[+0.5045, +0.6012, -0.6012, +0.1503]
[+0.4640, +0.5906, -0.5906, +0.2953]
[+0.3981, +0.5731, -0.5731, +0.4298]
[+0.3090, +0.5491, -0.5491, +0.5491]
[+0.2000, +0.5191, -0.5191, +0.6489]
[+0.2843, +0.5423, -0.4068, -0.6779]
[+0.3981, +0.5731, -0.4298, -0.5731]
[+0.4909, +0.5976, -0.4482, -0.4482]
[+0.5597, +0.6155, -0.4617, -0.3078]
[+0.6019, +0.6264, -0.4698, -0.1566]
[+0.6162, +0.6301, -0.4726, +0.0000]
[+0.6019, +0.6264, -0.4698, +0.1566]
[+0.5597, +0.6155, -0.4617, +0.3078]
[+0.4909, +0.5976, -0.4482, +0.4482]
[+0.3981, +0.5731, -0.4298, +0.5731]
[+0.2843, +0.5423, -0.4068, +0.6779]
[+0.3467, +0.5593, -0.2796, -0.6991]
[+0.4640, +0.5906, -0.2953, -0.5906]
[+0.5597, +0.6155, -0.3078, -0.4617]
[+0.6305, +0.6337, -0.3169, -0.3169]
[+0.6740, +0.6448, -0.3224, -0.1612]
[+0.6887, +0.6485, -0.3243, +0.0000]
[+0.6740, +0.6448, -0.3224, +0.1612]
[+0.6305, +0.6337, -0.3169, +0.3169]
[+0.5597, +0.6155, -0.3078, +0.4617]
[+0.4640, +0.5906, -0.2953, +0.5906]
[+0.3467, +0.5593, -0.2796, +0.6991]
[+0.3851, +0.5696, -0.1424, -0.7120]
[+0.5045, +0.6012, -0.1503, -0.6012]
[+0.6019, +0.6264, -0.1566, -0.4698]
[+0.6740, +0.6448, -0.1612, -0.3224]
[+0.7182, +0.6560, -0.1640, -0.1640]
[+0.7332, +0.6598, -0.1649, +0.0000]
[+0.7182, +0.6560, -0.1640, +0.1640]
[+0.6740, +0.6448, -0.1612, +0.3224]
[+0.6019, +0.6264, -0.1566, +0.4698]
[+0.5045, +0.6012, -0.1503, +0.6012]
[+0.3851, +0.5696, -0.1424, +0.7120]
[+0.3981, +0.5731, +0.0000, -0.7163]
[+0.5182, +0.6048, +0.0000, -0.6048]
[+0.6162, +0.6301, +0.0000, -0.4726]
[+0.6887, +0.6485, +0.0000, -0.3243]
[+0.7332, +0.6598, +0.0000, -0.1649]
[+0.7482, +0.6635, +0.0000, +0.0000]
[+0.7332, +0.6598, +0.0000, +0.1649]
[+0.6887, +0.6485, +0.0000, +0.3243]
[+0.6162, +0.6301, +0.0000, +0.4726]
[+0.5182, +0.6048, +0.0000, +0.6048]
[+0.3981, +0.5731, +0.0000, +0.7163]
[+0.3851, +0.5696, +0.1424, -0.7120]
[+0.5045, +0.6012, +0.1503, -0.6012]
[+0.6019, +0.6264, +0.1566, -0.4698]
[+0.6740, +0.6448, +0.1612, -0.3224]
[+0.7182, +0.6560, +0.1640, -0.1640]
[+0.7332, +0.6598, +0.1649, +0.0000]
[+0.7182, +0.6560, +0.1640, +0.1640]
[+0.6740, +0.6448, +0.1612, +0.3224]
[+0.6019, +0.6264, +0.1566, +0.4698]
[+0.5045, +0.6012, +0.1503, +0.6012]
[+0.3851, +0.5696, +0.1424, +0.7120]
[+0.3467, +0.5593, +0.2796, -0.6991]
[+0.4640, +0.5906, +0.2953, -0.5906]
[+0.5597, +0.6155, +0.3078, -0.4617]
[+0.6305, +0.6337, +0.3169, -0.3169]
[+0.6740, +0.6448, +0.3224, -0.1612]
[+0.6887, +0.6485, +0.3243, +0.0000]
[+0.6740, +0.6448, +0.3224, +0.1612]
[+0.6305, +0.6337, +0.3169, +0.3169]
[+0.5597, +0.6155, +0.3078, +0.4617]
[+0.4640, +0.5906, +0.2953, +0.5906]
[+0.3467, +0.5593, +0.2796, +0.6991]
[+0.2843, +0.5423, +0.4068, -0.6779]
[+0.3981, +0.5731, +0.4298, -0.5731]
[+0.4909, +0.5976, +0.4482, -0.4482]
[+0.5597, +0.6155, +0.4617, -0.3078]
[+0.6019, +0.6264, +0.4698, -0.1566]
[+0.6162, +0.6301, +0.4726, +0.0000]
[+0.6019, +0.6264, +0.4698, +0.1566]
[+0.5597, +0.6155, +0.4617, +0.3078]
[+0.4909, +0.5976, +0.4482, +0.4482]
[+0.3981, +0.5731, +0.4298, +0.5731]
[+0.2843, +0.5423, +0.4068, +0.6779]
[+0.2000, +0.5191, +0.5191, -0.6489]
[+0.3090, +0.5491, +0.5491, -0.5491]
[+0.3981, +0.5731, +0.5731, -0.4298]
[+0.4640, +0.5906, +0.5906, -0.2953]
[+0.5045, +0.6012, +0.6012, -0.1503]
[+0.5182, +0.6048, +0.6048, +0.0000]
[+0.5045, +0.6012, +0.6012, +0.1503]
[+0.4640, +0.5906, +0.5906, +0.2953]
[+0.3981, +0.5731, +0.5731, +0.4298]
[+0.3090, +0.5491, +0.5491, +0.5491]
[+0.2000, +0.5191, +0.5191, +0.6489]
[+0.0971, +0.4900, +0.6125, -0.6125]
[+0.2000, +0.5191, +0.6489, -0.5191]
[+0.2843, +0.5423, +0.6779, -0.4068]
[+0.3467, +0.5593, +0.6991, -0.2796]
[+0.3851, +0.5696, +0.7120, -0.1424]
[+0.3981, +0.5731, +0.7163, +0.0000]
[+0.3851, +0.5696, +0.7120, +0.1424]
[+0.3467, +0.5593, +0.6991, +0.2796]
[+0.2843, +0.5423, +0.6779, +0.4068]
[+0.2000, +0.5191, +0.6489, +0.5191]
[+0.0971, +0.4900, +0.6125, +0.6125]
[-0.0000, +0.5774, -0.5774, -0.5774]
[+0.0971, +0.6125, -0.6125, -0.4900]
[+0.1767, +0.6407, -0.6407, -0.3844]
[+0.2357, +0.6612, -0.6612, -0.2645]
[+0.2720, +0.6737, -0.6737, -0.1347]
[+0.2843, +0.6779, -0.6779, +0.0000]
[+0.2720, +0.6737, -0.6737, +0.1347]
[+0.2357, +0.6612, -0.6612, +0.2645]
[+0.1767, +0.6407, -0.6407, +0.3844]
[+0.0971, +0.6125, -0.6125, +0.4900]
[-0.0000, +0.5774, -0.5774, +0.5774]
[+0.0971, +0.6125, -0.4900, -0.6125]
[+0.2000, +0.6489, -0.5191, -0.5191]
[+0.2843, +0.6779, -0.5423, -0.4068]
[+0.3467, +0.6991, -0.5593, -0.2796]
[+0.3851, +0.7120, -0.5696, -0.1424]
[+0.3981, +0.7163, -0.5731, +0.0000]
[+0.3851, +0.7120, -0.5696, +0.1424]
[+0.3467, +0.6991, -0.5593, +0.2796]
[+0.2843, +0.6779, -0.5423, +0.4068]
[+0.2000, +0.6489, -0.5191, +0.5191]
[+0.0971, +0.6125, -0.4900, +0.6125]
[+0.1767, +0.6407, -0.3844, -0.6407]
[+0.2843, +0.6779, -0.4068, -0.5423]
[+0.3722, +0.7077, -0.4246, -0.4246]
[+0.4374, +0.7294, -0.4376, -0.2918]
[+0.4774, +0.7426, -0.4456, -0.1485]
[+0.4909, +0.7470, -0.4482, +0.0000]
[+0.4774, +0.7426, -0.4456, +0.1485]
[+0.4374, +0.7294, -0.4376, +0.2918]
[+0.3722, +0.7077, -0.4246, +0.4246]
[+0.2843, +0.6779, -0.4068, +0.5423]
[+0.1767, +0.6407, -0.3844, +0.6407]
[+0.2357, +0.6612, -0.2645, -0.6612]
[+0.3467, +0.6991, -0.2796, -0.5593]
[+0.4374, +0.7294, -0.2918, -0.4376]
[+0.5045, +0.7515, -0.3006, -0.3006]
[+0.5458, +0.7649, -0.3060, -0.1530]
[+0.5597, +0.7694, -0.3078, +0.0000]
[+0.5458, +0.7649, -0.3060, +0.1530]
[+0.5045, +0.7515, -0.3006, +0.3006]
[+0.4374, +0.7294, -0.2918, +0.4376]
[+0.3467, +0.6991, -0.2796, +0.5593]
[+0.2357, +0.6612, -0.2645, +0.6612]
[+0.2720, +0.6737, -0.1347, -0.6737]
[+0.3851, +0.7120, -0.1424, -0.5696]
[+0.4774, +0.7426, -0.1485, -0.4456]
[+0.5458, +0.7649, -0.1530, -0.3060]
[+0.5878, +0.7785, -0.1557, -0.1557]
[+0.6019, +0.7830, -0.1566, +0.0000]
[+0.5878, +0.7785, -0.1557, +0.1557]
[+0.5458, +0.7649, -0.1530, +0.3060]
[+0.4774, +0.7426, -0.1485, +0.4456]
[+0.3851, +0.7120, -0.1424, +0.5696]
[+0.2720, +0.6737, -0.1347, +0.6737]
[+0.2843, +0.6779, +0.0000, -0.6779]
[+0.3981, +0.7163, +0.0000, -0.5731]
[+0.4909, +0.7470, +0.0000, -0.4482]
[+0.5597, +0.7694, +0.0000, -0.3078]
[+0.6019, +0.7830, +0.0000, -0.1566]
[+0.6162, +0.7876, +0.0000, +0.0000]
[+0.6019, +0.7830, +0.0000, +0.1566]
[+0.5597, +0.7694, +0.0000, +0.3078]
[+0.4909, +0.7470, +0.0000, +0.4482]
[+0.3981, +0.7163, +0.0000, +0.5731]
[+0.2843, +0.6779, +0.0000, +0.6779]
[+0.2720, +0.6737, +0.1347, -0.6737]
[+0.3851, +0.7120, +0.1424, -0.5696]
[+0.4774, +0.7426, +0.1485, -0.4456]
[+0.5458, +0.7649, +0.1530, -0.3060]
[+0.5878, +0.7785, +0.1557, -0.1557]
[+0.6019, +0.7830, +0.1566, +0.0000]
[+0.5878, +0.7785, +0.1557, +0.1557]
[+0.5458, +0.7649, +0.1530, +0.3060]
[+0.4774, +0.7426, +0.1485, +0.4456]
[+0.3851, +0.7120, +0.1424, +0.5696]
[+0.2720, +0.6737, +0.1347, +0.6737]
[+0.2357, +0.6612, +0.2645, -0.6612]
[+0.3467, +0.6991, +0.2796, -0.5593]
[+0.4374, +0.7294, +0.2918, -0.4376]
[+0.5045, +0.7515, +0.3006, -0.3006]
[+0.5458, +0.7649, +0.3060, -0.1530]
[+0.5597, +0.7694, +0.3078, +0.0000]
[+0.5458, +0.7649, +0.3060, +0.1530]
[+0.5045, +0.7515, +0.3006, +0.3006]
[+0.4374, +0.7294, +0.2918, +0.4376]
[+0.3467, +0.6991, +0.2796, +0.5593]
[+0.2357, +0.6612, +0.2645, +0.6612]
[+0.1767, +0.6407, +0.3844, -0.6407]
[+0.2843, +0.6779, +0.4068, -0.5423]
[+0.3722, +0.7077, +0.4246, -0.4246]
[+0.4374, +0.7294, +0.4376, -0.2918]
[+0.4774, +0.7426, +0.4456, -0.1485]
[+0.4909, +0.7470, +0.4482, +0.0000]
[+0.4774, +0.7426, +0.4456, +0.1485]
[+0.4374, +0.7294, +0.4376, +0.2918]
[+0.3722, +0.7077, +0.4246, +0.4246]
[+0.2843, +0.6779, +0.4068, +0.5423]
[+0.1767, +0.6407, +0.3844, +0.6407]
[+0.0971, +0.6125, +0.4900, -0.6125]
[+0.2000, +0.6489, +0.5191, -0.5191]
[+0.2843, +0.6779, +0.5423, -0.4068]
[+0.3467, +0.6991, +0.5593, -0.2796]
[+0.3851, +0.7120, +0.5696, -0.1424]
[+0.3981, +0.7163, +0.5731, +0.0000]
[+0.3851, +0.7120, +0.5696, +0.1424]
[+0.3467, +0.6991, +0.5593, +0.2796]
[+0.2843, +0.6779, +0.5423, +0.4068]
[+0.2000, +0.6489, +0.5191, +0.5191]
[+0.0971, +0.6125, +0.4900, +0.6125]
[-0.0000, +0.5774, +0.5774, -0.5774]
[+0.0971, +0.6125, +0.6125, -0.4900]
[+0.1767, +0.6407, +0.6407, -0.3844]
[+0.2357, +0.6612, +0.6612, -0.2645]
[+0.2720, +0.6737, +0.6737, -0.1347]
[+0.2843, +0.6779, +0.6779, +0.0000]
[+0.2720, +0.6737, +0.6737, +0.1347]
[+0.2357, +0.6612, +0.6612, +0.2645]
[+0.1767, +0.6407, +0.6407, +0.3844]
[+0.0971, +0.6125, +0.6125, +0.4900]
[-0.0000, +0.5774, +0.5774, +0.5774]
